228.58656311035156 488.4356689453125,101.84228515625 474.29095458984375
364.61627197265625 526.1663818359375,70.35111999511719 573.524658203125
219.07461547851562 495.1495056152344,96.6039047241211 466.6097106933594
311.0447692871094 280.7958068847656,254.3861083984375 543.3550415039062
311.0447692871094 280.7958068847656,254.3861083984375 543.3550415039062
323.2170715332031 525.1552124023438,72.06639862060547 542.6873779296875
332.0749206542969 333.58099365234375,216.07260131835938 556.5867919921875
434.0958557128906 414.66265869140625,154.88221740722656 627.00537109375
234.66995239257812 370.1913146972656,190.92672729492188 484.8944396972656
334.8049621582031 298.9774475097656,241.05526733398438 559.1956176757812
251.88307189941406 373.95269775390625,187.9931182861328 497.03607177734375
357.24609375 363.76904296875,193.84178161621094 573.4081420898438
584.3948364257812 618.2724609375,170.90103149414062 674.5008544921875
202.766845703125 474.37884521484375,112.50730895996094 455.2908020019531
334.2472839355469 488.91839599609375,100.16123962402344 552.1450805664062
224.77911376953125 467.18670654296875,118.09484100341797 472.3206787109375
206.8491668701172 526.5756225585938,72.11937713623047 455.60540771484375
206.8491668701172 526.5756225585938,72.11937713623047 455.60540771484375
270.4493408203125 366.1040344238281,193.50982666015625 510.33978271484375
227.44102478027344 453.3473205566406,128.51182556152344 475.06842041015625
430.7541809082031 524.6768798828125,70.0483627319336 623.1539916992188
351.37335205078125 307.4234313964844,234.67318725585938 570.9780883789062
281.5711364746094 420.4081726074219,153.072998046875 516.5249633789062
329.9043884277344 411.74664306640625,158.9188690185547 551.9892578125
349.8678894042969 279.1966552734375,254.66014099121094 570.6229858398438
339.5570373535156 416.9526062011719,154.8475799560547 558.8449096679688
193.4647216796875 508.0869445800781,86.6130142211914 446.7886047363281
329.6329650878906 505.7445068359375,87.16587829589844 548.0494995117188
397.6688537597656 496.1244201660156,93.40322875976562 598.953125
241.5960235595703 468.29034423828125,116.54853057861328 485.1849060058594
336.9915466308594 525.8211059570312,71.1512451171875 552.6484985351562
192.5425567626953 452.3509521484375,129.74099731445312 448.9002685546875
389.4502258300781 459.2451171875,122.2352294921875 593.9343872070312
210.6573944091797 462.2937316894531,121.63813018798828 462.37298583984375
367.17584228515625 391.92376708984375,173.11749267578125 579.5415649414062
430.7541809082031 524.6768798828125,70.0483627319336 623.1539916992188
385.7212219238281 296.03631591796875,241.94151306152344 595.4110717773438
245.6499481201172 527.79345703125,70.7789535522461 484.75347900390625
334.8049621582031 298.9774475097656,241.05526733398438 559.1956176757812
279.7135009765625 492.04229736328125,98.46332550048828 512.1076049804688
351.37335205078125 307.4234313964844,234.67318725585938 570.9780883789062
392.91644287109375 433.6274719238281,141.5255584716797 596.5499267578125
402.9668884277344 491.48858642578125,97.08773803710938 603.1206665039062
338.974609375 307.4199523925781,234.94427490234375 562.1973266601562
342.0169982910156 456.8785705566406,124.81110382080078 558.984375
44.81468963623047 617.8363647460938,138.3925323486328 673.8301391601562
385.7212219238281 296.03631591796875,241.94151306152344 595.4110717773438
355.3139953613281 525.6596069335938,71.01921844482422 566.6430053710938
392.440673828125 386.4525146484375,176.890380859375 597.7034912109375
346.27142333984375 348.1401062011719,205.53250122070312 566.4786987304688
270.34259033203125 371.2406921386719,189.52003479003906 510.77581787109375
194.714111328125 400.47802734375,168.78514099121094 453.2071533203125
369.2149963378906 447.1071472167969,131.69454956054688 579.2334594726562
229.14129638671875 397.90625,170.311767578125 479.2553405761719
322.7431335449219 439.4947509765625,137.9597625732422 545.7608642578125
314.8827209472656 331.0154113769531,242.80174255371094 567.0086059570312
393.1106262207031 462.38189697265625,119.63877868652344 596.2047729492188
408.64813232421875 262.56103515625,264.8822021484375 612.1732788085938
299.10308837890625 302.7554931640625,238.9381561279297 534.041015625
330.91162109375 400.962158203125,166.79403686523438 553.1771240234375
325.87481689453125 279.9704895019531,254.58474731445312 553.8435668945312
395.9738464355469 373.7602233886719,186.03451538085938 600.9867553710938
229.98475646972656 360.4352722167969,198.10191345214844 481.63995361328125
366.5831298828125 405.6390380859375,162.7276611328125 578.6366577148438
319.32586669921875 416.0436096191406,155.98870849609375 544.054443359375
242.89805603027344 158.9277801513672,500.895751953125 184.76431274414062
199.4771270751953 500.4756164550781,92.35076141357422 451.3934020996094
274.6561279296875 331.2109375,218.86802673339844 515.5221557617188
593.872802734375 596.8141479492188,603.0491943359375 668.9134521484375
325.87481689453125 279.9704895019531,254.58474731445312 553.8435668945312
418.6715393066406 485.85064697265625,100.87554168701172 614.671630859375
243.0680389404297 398.0223083496094,170.02984619140625 489.3204040527344
209.05194091796875 493.5520935058594,97.84072875976562 459.28302001953125
416.85931396484375 378.8575134277344,181.84254455566406 615.4800415039062
409.7424621582031 397.4207458496094,168.2621307373047 609.8505859375
215.93722534179688 528.7093505859375,70.45198822021484 462.4693298339844
363.7088623046875 307.29486083984375,234.2040557861328 579.6258544921875
259.8241882324219 435.1219482421875,142.01116943359375 500.01922607421875
336.9915466308594 525.8211059570312,71.1512451171875 552.6484985351562
440.923828125 257.498291015625,244.7610626220703 632.4503784179688
180.052978515625 555.131591796875,138.3925323486328 673.8301391601562
444.1869201660156 356.1430358886719,197.9610137939453 635.1942749023438
421.66693115234375 292.1795654296875,244.12118530273438 620.5093383789062
308.8858947753906 302.34356689453125,238.91746520996094 540.7808227539062
345.28955078125 296.1923522949219,242.80174255371094 567.0086059570312
301.1211242675781 269.9875793457031,262.1090393066406 536.7843017578125
189.3425750732422 381.095703125,183.50852966308594 450.41510009765625
500.1211853027344 765.5133666992188,170.90103149414062 674.5008544921875
282.9520263671875 297.2420959472656,243.150146484375 522.8541259765625
238.14144897460938 445.85955810546875,134.33828735351562 483.52642822265625
425.81591796875 291.0260314941406,244.63919067382812 623.5161743164062
283.41876220703125 306.9374694824219,236.1523895263672 522.791015625
309.32177734375 270.12127685546875,262.0269775390625 542.634033203125
410.5566101074219 292.32110595703125,244.17132568359375 612.8502807617188
248.9067840576172 436.4626159667969,141.18577575683594 491.9653625488281
344.92724609375 525.3856811523438,71.31623840332031 558.6644287109375
353.0635681152344 250.14968872070312,274.8481750488281 573.8834228515625
396.5879211425781 289.81396484375,246.26348876953125 603.1738891601562
401.931884765625 258.1213684082031,268.2947998046875 607.7083129882812
262.63983154296875 488.3993835449219,101.70699310302734 499.9779968261719
330.624267578125 475.7254943847656,110.36421966552734 549.9537353515625
318.09771728515625 257.3376159667969,270.7084045410156 549.242919921875
283.10858154296875 283.438232421875,253.0458984375 523.4234008789062
274.6561279296875 331.2109375,218.86802673339844 515.5221557617188
349.1541442871094 429.16107177734375,145.48048400878906 565.0471801757812
412.38128662109375 266.3402099609375,262.3736877441406 614.7153930664062
133.97727966308594 618.514404296875,170.90103149414062 674.5008544921875
344.9436950683594 447.99432373046875,131.42568969726562 561.5809936523438
364.628662109375 266.6587829589844,263.2015075683594 581.5950317382812
428.83697509765625 410.1741943359375,158.54403686523438 623.236328125
364.28582763671875 205.17286682128906,305.5956726074219 583.4423217773438
311.18890380859375 429.1177673339844,146.25416564941406 537.8109741210938
413.8987731933594 259.6934509277344,243.87603759765625 591.4895629882812
379.0450134277344 302.6747131347656,237.51759338378906 590.338134765625
134.83653259277344 590.1493530273438,575.09619140625 669.096923828125
392.440673828125 386.4525146484375,176.890380859375 597.7034912109375
403.01593017578125 297.6526794433594,240.56619262695312 607.4017944335938
318.6878356933594 478.2693176269531,108.93077087402344 541.3136596679688
172.06524658203125 555.036376953125,48.77387619018555 483.29541015625
189.3425750732422 381.095703125,183.50852966308594 450.41510009765625
574.7677001953125 620.1707763671875,170.90103149414062 674.5008544921875
289.75628662109375 454.7728271484375,126.89352416992188 521.162841796875
344.92724609375 525.3856811523438,71.31623840332031 558.6644287109375
116.89279174804688 621.4310302734375,213.29994201660156 151.4714813232422
184.0897216796875 374.3215026855469,188.5948944091797 446.95086669921875
384.7796630859375 450.09765625,129.18695068359375 590.2150268554688
405.2589111328125 447.95068359375,130.24815368652344 605.4130859375
405.73712158203125 292.41058349609375,244.5110321044922 609.4857177734375
427.70831298828125 322.90594482421875,222.0772705078125 624.1641845703125
329.9043884277344 411.74664306640625,158.9188690185547 551.9892578125
242.65565490722656 390.89849853515625,175.472412109375 489.62353515625
283.67095947265625 484.32452392578125,104.2371597290039 515.1978759765625
335.8359680175781 270.5995788574219,260.98370361328125 561.2291259765625
329.384033203125 482.9587097167969,104.87879943847656 548.9765625
293.7264404296875 297.80267333984375,242.6299591064453 530.53955078125
440.94122314453125 779.62060546875,401.7690734863281 549.4552001953125
419.0168151855469 299.77069091796875,238.1652069091797 618.8635864257812
183.93673706054688 501.89691162109375,91.52104187011719 439.88818359375
198.9161834716797 451.3488464355469,130.32264709472656 453.7015380859375
224.91766357421875 458.95281982421875,124.39108276367188 473.1830139160156
329.6329650878906 505.7445068359375,87.16587829589844 548.0494995117188
392.6148986816406 619.4714965820312,428.39190673828125 572.4667358398438
439.008056640625 298.2845153808594,605.8080444335938 99.6578598022461
407.3982849121094 366.5635070800781,191.2890625 609.2175903320312
434.0 330.49884033203125,218.86802673339844 515.5221557617188
292.1890869140625 258.29388427734375,270.3794860839844 530.922119140625
271.56494140625 331.9203796386719,218.26341247558594 512.9094848632812
309.6142272949219 443.8116455078125,135.17555236816406 535.9016723632812
339.4658508300781 291.77935791015625,245.92694091796875 563.1621704101562
396.5879211425781 289.81396484375,246.26348876953125 603.1738891601562
379.0450134277344 302.6747131347656,237.51759338378906 590.338134765625
285.5106201171875 488.90643310546875,100.73128509521484 516.46875
308.58807373046875 156.43519592285156,213.29994201660156 151.4714813232422
313.46875 156.5198211669922,213.29994201660156 151.4714813232422
283.5439147949219 380.52081298828125,182.31219482421875 520.0121459960938
206.2486114501953 386.25537109375,179.36228942871094 462.82403564453125
275.6781311035156 262.4242248535156,268.0320739746094 519.0907592773438
318.83441162109375 270.4331970214844,261.5030212402344 549.3428955078125
373.18585205078125 421.2911682128906,150.2166290283203 582.7666015625
256.9344787597656 361.0234375,197.3473663330078 501.56573486328125
338.974609375 307.4199523925781,234.94427490234375 562.1973266601562
370.851318359375 333.91015625,215.14825439453125 583.8612060546875
189.3425750732422 381.095703125,183.50852966308594 450.41510009765625
284.468994140625 270.0103759765625,262.5063781738281 525.043701171875
195.82154846191406 405.2552795410156,165.27955627441406 454.12225341796875
388.6417236328125 268.7530517578125,261.1327209472656 598.1637573242188
276.5375671386719 483.9986267089844,104.66537475585938 509.65142822265625
346.6133728027344 508.7615661621094,84.44063568115234 560.2112426757812
328.5741882324219 460.5703430175781,122.05144500732422 548.7962646484375
347.468505859375 400.88616943359375,167.2535400390625 564.9937133789062
296.85504150390625 266.344482421875,264.598388671875 533.9344482421875
284.468994140625 270.0103759765625,262.5063781738281 525.043701171875
239.28076171875 460.19757080078125,123.08479309082031 483.86578369140625
305.0597839355469 493.6125793457031,96.49526977539062 530.8532104492188
377.5779724121094 450.06610107421875,129.23587036132812 585.135986328125
355.8414611816406 413.3004150390625,157.37701416015625 570.6612548828125
296.85504150390625 266.344482421875,264.598388671875 533.9344482421875
320.591552734375 260.4552001953125,243.02664184570312 605.510009765625
435.4754943847656 269.316650390625,259.7586669921875 630.7070922851562
254.9688262939453 526.732421875,71.69998931884766 491.9068908691406
368.58685302734375 382.18316650390625,180.17782592773438 580.951171875
264.0496826171875 450.37054443359375,130.64697265625 502.39068603515625
378.3478698730469 455.2709655761719,125.16671752929688 585.8563232421875
434.0 330.49884033203125,218.86802673339844 515.5221557617188
345.28955078125 296.1923522949219,242.80174255371094 567.0086059570312
218.0289764404297 452.1663818359375,129.74440002441406 468.0975341796875
431.0331726074219 328.0790100097656,245.92694091796875 563.1621704101562
381.765380859375 477.29547119140625,108.30477142333984 587.4216918945312
309.32177734375 270.12127685546875,262.0269775390625 542.634033203125
318.83441162109375 270.4331970214844,261.5030212402344 549.3428955078125
346.48699951171875 495.81060791015625,94.50495910644531 561.1182250976562
365.4759826660156 412.52581787109375,157.8803253173828 577.613037109375
400.65191650390625 333.56201171875,215.03509521484375 604.9707641601562
373.3775634765625 299.6051330566406,239.84007263183594 586.5078735351562
363.93646240234375 465.0984191894531,118.02256774902344 575.2843627929688
398.0487060546875 467.0344543457031,115.95345306396484 599.6866455078125
353.0635681152344 250.14968872070312,274.8481750488281 573.8834228515625
355.99407958984375 327.7594299316406,220.06072998046875 573.6419067382812
440.7091979980469 766.2223510742188,539.1834716796875 737.083251953125
399.7718811035156 304.9974365234375,235.5253448486328 605.1318359375
409.5796203613281 307.1101379394531,233.7934112548828 611.7606201171875
314.8827209472656 331.0154113769531,242.80174255371094 567.0086059570312
320.591552734375 260.4552001953125,243.02664184570312 605.510009765625
420.5571594238281 265.79559326171875,262.52691650390625 620.4116821289062
346.7939453125 574.0165405273438,288.46759033203125 153.9642791748047
271.56494140625 331.9203796386719,218.26341247558594 512.9094848632812
276.2411193847656 383.01971435546875,181.43943786621094 513.723388671875
346.5245666503906 334.3836975097656,264.598388671875 533.9344482421875
426.891845703125 269.1776428222656,259.9131164550781 624.7523803710938
349.4458923339844 336.5358581542969,262.1090393066406 536.7843017578125
394.805419921875 415.2041931152344,154.82569885253906 598.798095703125
240.01499938964844 447.8912658691406,132.8800811767578 484.7984313964844
159.02163696289062 161.11825561523438,48.77387619018555 483.29541015625
409.2044372558594 331.01190185546875,216.74058532714844 610.8968505859375
322.52593994140625 299.431640625,240.8575439453125 550.8632202148438
382.7147216796875 251.70745849609375,272.8134460449219 594.63916015625
305.08734130859375 308.2821960449219,233.55735778808594 593.8910522460938
283.7312316894531 254.46084594726562,273.43255615234375 525.1219482421875
417.91351318359375 261.55670166015625,265.7360534667969 618.7305297851562
242.1350860595703 497.2229309082031,94.65727233886719 483.9052429199219
417.2938537597656 290.2096862792969,245.5391387939453 617.54248046875
466.6136779785156 225.31350708007812,213.29994201660156 151.4714813232422
431.8065185546875 257.7748718261719,267.70733642578125 628.3890380859375
306.2603759765625 296.42681884765625,243.2128448486328 539.4241333007812
315.2321472167969 455.9984436035156,125.7961196899414 539.5537719726562
311.8131103515625 328.748291015625,245.92694091796875 563.1621704101562
409.2044372558594 331.01190185546875,216.74058532714844 610.8968505859375
239.28076171875 460.19757080078125,123.08479309082031 483.86578369140625
309.2683410644531 250.247802734375,275.6546630859375 543.298828125
372.8851318359375 299.6067810058594,239.84007263183594 586.5078735351562
184.65792846679688 481.0229187011719,107.63151550292969 441.1995544433594
394.805419921875 415.2041931152344,154.82569885253906 598.798095703125
324.630615234375 407.5126037597656,162.15162658691406 548.3187255859375
383.058349609375 487.6510925292969,100.27635192871094 588.027099609375
294.25164794921875 463.1800537109375,121.03871154785156 523.3006591796875
370.65350341796875 404.0589904785156,163.8438720703125 581.4810180664062
213.56723022460938 398.9493103027344,169.7952423095703 467.9121398925781
341.3860168457031 189.0133819580078,317.1535949707031 568.04052734375
362.8388366699219 445.25494384765625,133.40692138671875 574.5240478515625
374.5594482421875 527.5672607421875,68.99826049804688 581.1858520507812
172.06524658203125 555.036376953125,48.77387619018555 483.29541015625
355.99407958984375 327.7594299316406,220.06072998046875 573.6419067382812
387.3097839355469 373.60772705078125,186.062744140625 594.8251953125
366.04547119140625 259.8866882324219,243.87603759765625 591.4895629882812
310.97735595703125 317.491943359375,228.10684204101562 542.2706909179688
415.0052185058594 357.5676574707031,197.59571838378906 615.0367431640625
313.260009765625 260.15087890625,268.70318603515625 545.456298828125
421.625244140625 332.1913757324219,215.55075073242188 619.6668701171875
244.7434844970703 556.4266357421875,48.77387619018555 483.29541015625
190.47540283203125 371.6134948730469,190.46388244628906 451.68939208984375
322.52593994140625 299.431640625,240.8575439453125 550.8632202148438
389.08026123046875 336.0229797363281,213.54771423339844 596.7826538085938
189.0491943359375 375.18597412109375,187.7770233154297 450.54193115234375
234.3852996826172 461.45953369140625,122.32038879394531 479.8046875
283.41876220703125 306.9374694824219,236.1523895263672 522.791015625
214.95578002929688 478.837890625,109.33661651611328 464.6037292480469
381.2449035644531 332.6263122558594,215.4495086669922 591.2769775390625
233.21266174316406 528.7591552734375,70.26573181152344 475.6002502441406
416.5403747558594 270.4729919433594,233.55735778808594 593.8910522460938
520.3704223632812 762.4916381835938,213.29994201660156 151.4714813232422
366.04547119140625 259.8866882324219,243.87603759765625 591.4895629882812
364.628662109375 266.6587829589844,263.2015075683594 581.5950317382812
267.52630615234375 270.334228515625,274.8481750488281 573.8834228515625
336.42230224609375 431.1758728027344,144.43943786621094 556.2339477539062
337.4463806152344 156.46861267089844,213.29994201660156 151.4714813232422
425.1663818359375 595.8286743164062,459.8431701660156 666.286865234375
346.5245666503906 334.3836975097656,264.598388671875 533.9344482421875
331.01983642578125 337.24481201171875,260.98370361328125 561.2291259765625
185.82337951660156 506.1959228515625,88.08340454101562 440.6147155761719
316.0845642089844 402.1759033203125,166.35292053222656 542.3719482421875
185.82337951660156 506.1959228515625,88.08340454101562 440.6147155761719
356.63543701171875 336.9535827636719,261.5030212402344 549.3428955078125
267.52630615234375 270.334228515625,244.7610626220703 632.4503784179688
442.1245422363281 767.297119140625,539.1834716796875 737.083251953125
185.1425018310547 476.5819091796875,111.15629577636719 441.35809326171875
365.6231689453125 334.2748718261719,237.51759338378906 590.338134765625
352.8722839355469 269.9803466796875,234.94427490234375 562.1973266601562
384.2105407714844 308.0375671386719,233.55735778808594 593.8910522460938
432.90618896484375 595.5863037109375,459.8431701660156 666.286865234375
279.212890625 499.2557067871094,92.91458129882812 511.261474609375
422.6031494140625 390.3525695800781,173.1962890625 619.5921630859375
352.8722839355469 269.9803466796875,261.177490234375 573.1783447265625
365.4759826660156 412.52581787109375,157.8803253173828 577.613037109375
373.3775634765625 299.6051330566406,239.84007263183594 586.5078735351562
359.0242004394531 331.52862548828125,217.4229278564453 575.6200561523438
275.6781311035156 262.4242248535156,268.0320739746094 519.0907592773438
234.3852996826172 461.45953369140625,122.32038879394531 479.8046875
271.4949035644531 328.8482360839844,262.1090393066406 536.7843017578125
401.5273742675781 269.8299865722656,260.0657958984375 607.1401977539062
245.45376586914062 373.4017639160156,188.44003295898438 492.5358581542969
281.5711364746094 420.4081726074219,153.072998046875 516.5249633789062
412.38128662109375 266.3402099609375,237.51759338378906 590.338134765625
388.6924743652344 317.52410888671875,226.84690856933594 597.1774291992188
598.3967895507812 452.8157653808594,213.29994201660156 151.4714813232422
400.65191650390625 333.56201171875,215.03509521484375 604.9707641601562
284.9371643066406 406.0898132324219,163.5525360107422 519.2552490234375
362.8865051269531 291.9158630371094,245.50970458984375 579.4873657226562
341.3860168457031 189.0133819580078,317.1535949707031 568.04052734375
416.5403747558594 270.4729919433594,233.55735778808594 593.8910522460938
365.5093994140625 387.51263427734375,176.1327667236328 578.4603881835938
256.6530456542969 454.8248596191406,127.50404357910156 496.6566162109375
15.077909469604492 358.7195739746094,138.3925323486328 673.8301391601562
340.61370849609375 204.3435821533203,306.7939453125 567.0358276367188
198.2310333251953 485.43841552734375,104.12446594238281 451.8987731933594
311.8131103515625 328.748291015625,262.1090393066406 536.7843017578125
389.08026123046875 336.0229797363281,213.54771423339844 596.7826538085938
372.8396911621094 423.1185302734375,150.2166290283203 582.7666015625
408.640869140625 264.27044677734375,263.925537109375 612.2855224609375
378.0632629394531 261.7773742675781,265.66162109375 590.8911743164062
196.20980834960938 419.0256652832031,155.022216796875 453.24835205078125
366.327880859375 499.7422790527344,91.1952133178711 575.43994140625
303.005615234375 527.81884765625,69.58888244628906 527.5042724609375
328.3082580566406 249.97854614257812,275.62969970703125 556.6682739257812
396.6669616699219 285.2901306152344,249.4160919189453 603.2684936523438
427.5054931640625 204.71044921875,305.5956726074219 583.4423217773438
365.6231689453125 334.2748718261719,237.51759338378906 590.338134765625
244.7434844970703 556.4266357421875,48.77387619018555 483.29541015625
358.9302062988281 489.4397888183594,99.18832397460938 570.4075927734375
159.02163696289062 161.11825561523438,48.77387619018555 483.29541015625
184.57839965820312 379.4144287109375,184.7307586669922 446.7035217285156
390.5244445800781 466.4377136230469,116.47772979736328 594.7210693359375
305.08734130859375 308.2821960449219,233.55735778808594 593.8910522460938
374.9144592285156 486.54705810546875,101.07655334472656 582.1001586914062
429.25714111328125 402.6402282714844,163.9022979736328 623.561767578125
334.25244140625 332.4283447265625,216.9052276611328 557.9644165039062
15.524959564208984 305.3443298339844,316.30511474609375 593.774169921875
16.169235229492188 385.4397888183594,548.5734252929688 798.1657104492188
390.697021484375 470.41802978515625,113.47615814208984 594.0588989257812
382.8111572265625 491.3406677246094,97.12437438964844 587.2711791992188
421.625244140625 332.1913757324219,215.55075073242188 619.6668701171875
405.0119934082031 285.3074645996094,249.09812927246094 609.1891479492188
442.3871154785156 451.2846984863281,126.90328216552734 632.117919921875
436.99114990234375 336.08258056640625,262.7674865722656 629.0953979492188
466.3966064453125 167.87380981445312,428.39190673828125 572.4667358398438
176.5231475830078 505.19171142578125,89.36310577392578 433.6951904296875
18.870912551879883 408.1609802246094,213.29994201660156 151.4714813232422
25.52032470703125 382.9261779785156,316.30511474609375 593.774169921875
30.111804962158203 442.87445068359375,590.0988159179688 538.88134765625
182.98158264160156 453.3392028808594,129.0224151611328 441.3480224609375
396.5879211425781 289.81396484375,246.26348876953125 603.1738891601562
176.83750915527344 414.2139892578125,158.9181365966797 439.007080078125
37.79989242553711 456.836669921875,481.43853759765625 119.01200866699219
348.3778991699219 387.3166809082031,177.043212890625 565.189208984375
299.10308837890625 302.7554931640625,262.3736877441406 614.7153930664062
328.3082580566406 249.97854614257812,275.62969970703125 556.6682739257812
399.141845703125 525.2337646484375,71.01921844482422 566.6430053710938
386.5328369140625 492.4022216796875,96.33387756347656 590.9082641601562
413.9604187011719 524.7996215820312,71.31623840332031 558.6644287109375
338.9743347167969 481.3150329589844,105.54668426513672 555.8734130859375
318.83441162109375 270.4331970214844,261.5030212402344 549.3428955078125
38.64859390258789 411.6637878417969,151.17469787597656 335.8198547363281
421.4057922363281 278.9332275390625,253.12124633789062 621.8381958007812
413.9604187011719 524.7996215820312,71.31623840332031 558.6644287109375
405.3556213378906 318.0296630859375,226.02236938476562 609.8502807617188
214.95578002929688 478.837890625,109.33661651611328 464.6037292480469
26.723941802978516 410.24462890625,70.26573181152344 475.6002502441406
464.4364929199219 214.70179748535156,574.2113037109375 568.1377563476562
12.09811782836914 337.05963134765625,388.4171447753906 184.02943420410156
267.3141174316406 794.62060546875,400.24652099609375 758.6842651367188
431.0331726074219 328.0790100097656,262.1090393066406 536.7843017578125
340.61370849609375 204.3435821533203,306.7939453125 567.0358276367188
321.4350891113281 331.0308532714844,264.598388671875 533.9344482421875
422.9105529785156 398.1192626953125,167.43939208984375 618.9273681640625
442.9744873046875 373.88848876953125,184.9628448486328 633.917724609375
111.0840835571289 799.6431274414062,275.2856140136719 760.9369506835938
228.10934448242188 384.36163330078125,180.32496643066406 479.2811279296875
286.6089782714844 377.47564697265625,30.426620483398438 435.1758117675781
262.6322937011719 499.5729064941406,93.2266845703125 499.4981384277344
321.4350891113281 331.0308532714844,264.598388671875 533.9344482421875
260.98504638671875 463.52947998046875,104.12446594238281 451.8987731933594
317.42034912109375 526.839599609375,216.9052276611328 557.9644165039062
7.952269554138184 306.13958740234375,216.01405334472656 181.7060089111328
421.4057922363281 278.9332275390625,253.12124633789062 621.8381958007812
15.463152885437012 381.0651550292969,401.7690734863281 549.4552001953125
28.35216522216797 380.205810546875,565.117919921875 510.719482421875
589.9050903320312 487.1682434082031,481.43853759765625 119.01200866699219
338.9743347167969 481.3150329589844,105.54668426513672 555.8734130859375
263.92535400390625 807.4556274414062,400.0282287597656 769.2940673828125
458.5179138183594 352.5843200683594,302.7384338378906 650.6350708007812
584.1663208007812 444.900390625,155.02438354492188 772.3479614257812
330.6498107910156 328.5914001464844,269.6065673828125 561.47802734375
10.991185188293457 288.39361572265625,70.0483627319336 623.1539916992188
193.01995849609375 457.8370666503906,125.4083480834961 448.5551452636719
275.5887451171875 409.8197326660156,160.93057250976562 512.310791015625
301.4621276855469 258.20367431640625,234.67318725585938 570.9780883789062
377.8472900390625 263.72747802734375,265.66162109375 590.8911743164062
18.685028076171875 380.1456604003906,433.03912353515625 120.85031127929688
379.3193359375 443.1116027832031,134.43995666503906 586.7850952148438
185.42623901367188 427.65228271484375,148.57443237304688 444.560546875
328.1080322265625 270.09820556640625,270.3794860839844 530.922119140625
297.7185363769531 302.1131591796875,262.3736877441406 614.7153930664062
36.4251708984375 445.0337829589844,574.9362182617188 185.298095703125
461.86138916015625 163.1750030517578,48.77387619018555 483.29541015625
441.9065246582031 368.8106384277344,167.43939208984375 618.9273681640625
246.41908264160156 575.908447265625,232.96229553222656 375.57916259765625
186.8035888671875 475.9888000488281,111.4329605102539 442.4623718261719
453.00665283203125 466.872802734375,537.708251953125 736.0679931640625
323.9864501953125 328.6401062011719,261.5030212402344 549.3428955078125
356.63543701171875 336.9535827636719,261.5030212402344 549.3428955078125
252.14208984375 784.5357666015625,385.84515380859375 749.6625366210938
68.8775634765625 772.6836547851562,234.2444610595703 736.473388671875
170.69525146484375 426.6076354980469,70.0483627319336 623.1539916992188
93.16138458251953 795.3612060546875,260.1117248535156 756.8385620117188
167.03004455566406 351.751953125,90.9189224243164 367.1770935058594
318.0173034667969 253.84144592285156,249.4160919189453 603.2684936523438
289.2890319824219 507.19775390625,86.26739501953125 518.1400146484375
423.6502380371094 525.7885131835938,70.26573181152344 475.6002502441406
131.42518615722656 781.9182739257812,286.9007873535156 744.990234375
394.805419921875 415.2041931152344,154.82569885253906 598.798095703125
360.4875183105469 262.793212890625,264.8822021484375 612.1732788085938
413.1832580566406 188.33706665039062,316.04156494140625 611.0884399414062
10.809712409973145 321.90130615234375,321.39166259765625 339.5097961425781
449.1509704589844 418.9415283203125,151.66326904296875 638.0996704101562
433.29791259765625 450.45245361328125,464.4091491699219 346.4854431152344
345.12890625 488.0306701660156,101.10115814208984 560.6253662109375
301.4621276855469 258.20367431640625,234.67318725585938 570.9780883789062
408.640869140625 264.27044677734375,263.925537109375 612.2855224609375
318.0173034667969 253.84144592285156,249.4160919189453 603.2684936523438
405.3556213378906 318.0296630859375,226.02236938476562 609.8502807617188
124.23204803466797 796.54931640625,285.5101318359375 757.22265625
446.2711181640625 458.684814453125,121.15187072753906 635.4117431640625
438.3788757324219 204.38629150390625,316.04156494140625 611.0884399414062
356.63543701171875 336.9535827636719,233.57525634765625 603.3131713867188
202.52769470214844 415.7348327636719,157.49156188964844 458.3319396972656
368.63916015625 270.64990234375,233.55735778808594 593.8910522460938
255.83314514160156 432.4682922363281,105.88455963134766 153.10321044921875
386.16400146484375 328.46356201171875,272.8134460449219 594.63916015625
442.1245422363281 767.297119140625,48.77387619018555 483.29541015625
335.19580078125 266.74932861328125,268.70318603515625 545.456298828125
13.473739624023438 365.8550109863281,548.5734252929688 798.1657104492188
417.91351318359375 261.55670166015625,241.94151306152344 595.4110717773438
273.5769958496094 428.5822448730469,146.61495971679688 510.4381103515625
99.78313446044922 770.1174926757812,258.6351013183594 735.1801147460938
304.1080627441406 332.649658203125,522.92138671875 617.9133911132812
352.85748291015625 331.2191162109375,267.6025695800781 545.8804931640625
352.85748291015625 331.2191162109375,267.6025695800781 545.8804931640625
578.7255249023438 484.35595703125,72.97540283203125 90.1557388305664
461.86138916015625 163.1750030517578,48.77387619018555 483.29541015625
21.372922897338867 405.8768005371094,201.48556518554688 181.73941040039062
9.264945030212402 478.455322265625,408.1869812011719 600.1331176757812
323.9864501953125 328.6401062011719,245.50970458984375 579.4873657226562
357.64794921875 296.32830810546875,264.598388671875 533.9344482421875
419.90521240234375 193.94418334960938,519.58837890625 511.7978515625
433.29791259765625 450.45245361328125,70.0483627319336 623.1539916992188
390.0697326660156 488.13275146484375,99.62586975097656 593.1349487304688
276.2483825683594 271.5320129394531,261.31103515625 519.1248779296875
583.7922973632812 472.0615234375,293.33843994140625 724.44482421875
388.6417236328125 268.7530517578125,213.54771423339844 596.7826538085938
181.6782684326172 398.8674011230469,170.38658142089844 443.6865234375
357.64794921875 296.32830810546875,264.598388671875 533.9344482421875
260.581787109375 809.5502319335938,395.4378967285156 771.0492553710938
110.46088409423828 772.0032348632812,267.832275390625 736.9730224609375
436.99114990234375 336.08258056640625,234.67318725585938 570.9780883789062
23.088348388671875 414.162841796875,436.282958984375 127.38573455810547
423.1858215332031 386.37213134765625,176.2344512939453 620.0136108398438
402.2144775390625 249.73426818847656,274.09124755859375 608.0977783203125
45.0308837890625 425.4990539550781,534.982666015625 551.7294921875
12.569426536560059 286.28143310546875,317.1535949707031 568.04052734375
450.8111877441406 463.8804626464844,385.84515380859375 749.6625366210938
292.1890869140625 258.29388427734375,234.67318725585938 570.9780883789062
594.3551635742188 481.0644836425781,461.7235107421875 154.96286010742188
257.58367919921875 794.0794067382812,392.3161315917969 757.6844482421875
29.65886116027832 469.769775390625,541.1588745117188 744.9161987304688
304.1080627441406 332.649658203125,216.07260131835938 556.5867919921875
167.03004455566406 351.751953125,49.392337799072266 427.21063232421875
245.6499481201172 527.79345703125,71.01921844482422 566.6430053710938
328.1748352050781 258.36724853515625,262.0269775390625 542.634033203125
10.991185188293457 288.39361572265625,23.426856994628906 268.60882568359375
363.61712646484375 332.14666748046875,453.02227783203125 510.28424072265625
170.69525146484375 426.6076354980469,70.0483627319336 623.1539916992188
354.8099060058594 390.76214599609375,129.23587036132812 585.135986328125
423.7685546875 354.9067687988281,67.05828857421875 16.383081436157227
431.9125061035156 796.7971801757812,533.7564697265625 762.0565795898438
233.6068878173828 440.3094787597656,114.2159423828125 150.2989044189453
410.5566101074219 292.32110595703125,245.92694091796875 563.1621704101562
577.5242309570312 437.48358154296875,533.4708251953125 755.896728515625
251.44140625 801.81982421875,389.4408874511719 765.7860107421875
374.2460632324219 336.4653015136719,274.8481750488281 573.8834228515625
44.158172607421875 780.9873046875,215.5707244873047 743.9380493164062
220.5023956298828 411.05023193359375,141.18577575683594 491.9653625488281
274.8326110839844 413.60272216796875,158.251708984375 511.5693664550781
328.1748352050781 258.36724853515625,262.0269775390625 542.634033203125
328.3082580566406 249.97854614257812,275.62969970703125 556.6682739257812
31.14099884033203 426.0864562988281,316.30511474609375 593.774169921875
450.6042785644531 444.0554504394531,23.426856994628906 268.60882568359375
252.14208984375 784.5357666015625,459.49993896484375 352.9342346191406
232.02032470703125 810.4169921875,481.43853759765625 119.01200866699219
36.15547561645508 469.9352722167969,316.30511474609375 593.774169921875
549.7116088867188 486.3818359375,158.7737274169922 778.5230102539062
452.182373046875 500.02398681640625,602.541748046875 551.1874389648438
363.61712646484375 332.14666748046875,476.4119567871094 490.8216552734375
56.754276275634766 421.6286315917969,543.5066528320312 559.533203125
297.7185363769531 302.1131591796875,262.3736877441406 614.7153930664062
441.9527282714844 763.1151123046875,51.990360260009766 429.0237731933594
601.4574584960938 468.6917419433594,231.91067504882812 155.32872009277344
355.99407958984375 327.7594299316406,246.26348876953125 603.1738891601562
453.0540466308594 414.56964111328125,70.0483627319336 623.1539916992188
437.8128356933594 767.8851928710938,114.5443115234375 621.1401977539062
402.6261291503906 196.02139282226562,78.38142395019531 382.9096374511719
433.1739196777344 265.05712890625,262.7674865722656 629.0953979492188
343.375244140625 474.7568054199219,110.07290649414062 558.5804443359375
35.35995101928711 483.8299255371094,233.37173461914062 341.69732666015625
465.103271484375 167.55960083007812,33.6906852722168 392.2522888183594
181.54290771484375 484.494384765625,104.07908630371094 439.3962097167969
397.0979919433594 336.4252014160156,275.6546630859375 543.298828125
342.3497314453125 303.2572326660156,139.15972900390625 356.4776306152344
343.9208984375 336.8587341308594,261.5030212402344 549.3428955078125
402.6261291503906 196.02139282226562,78.38142395019531 382.9096374511719
589.833984375 467.8672180175781,384.5196228027344 347.3133239746094
422.525390625 196.09747314453125,78.38142395019531 382.9096374511719
407.5654602050781 525.631591796875,218.06396484375 544.28857421875
427.4177551269531 310.3882141113281,231.43019104003906 623.1402587890625
412.70025634765625 328.40814208984375,261.177490234375 573.1783447265625
61.099937438964844 802.1123046875,470.7267761230469 495.48162841796875
407.5654602050781 525.631591796875,72.06639862060547 542.6873779296875
587.4825439453125 484.86529541015625,182.31219482421875 520.0121459960938
156.87501525878906 360.4996032714844,462.2889099121094 155.44003295898438
331.73748779296875 317.82708740234375,139.15972900390625 356.4776306152344
47.68424987792969 774.3719482421875,215.5707244873047 743.9380493164062
235.4755096435547 400.5220947265625,462.2889099121094 155.44003295898438
378.3478698730469 455.2709655761719,179.72842407226562 149.87937927246094
170.7805938720703 347.586181640625,114.2159423828125 150.2989044189453
286.85382080078125 279.618408203125,257.3797912597656 528.9459838867188
403.0351257324219 497.07159423828125,541.1588745117188 744.9161987304688
267.9878234863281 502.892822265625,90.2430648803711 503.10357666015625
429.9423522949219 374.2681579589844,118.09484100341797 472.3206787109375
424.4936218261719 328.2339782714844,261.5030212402344 549.3428955078125
16.11281967163086 365.3175354003906,462.2889099121094 155.44003295898438
260.347900390625 802.0217895507812,396.0515441894531 764.908203125
34.217288970947266 502.2475280761719,483.83050537109375 152.84303283691406
408.0456848144531 196.20831298828125,214.78302001953125 394.4139099121094
12.171187400817871 308.952880859375,61.83052062988281 109.89446258544922
39.78702926635742 417.69378662109375,131.08778381347656 373.2414855957031
290.49420166015625 528.7063598632812,238.1652069091797 618.8635864257812
548.0513305664062 477.6603088378906,355.50872802734375 155.0172882080078
417.19244384765625 196.13914489746094,214.78302001953125 394.4139099121094
439.73028564453125 478.8679504394531,105.60840606689453 630.6307373046875
362.1816101074219 483.8366394042969,134.9004669189453 402.6141052246094
359.59661865234375 393.3202819824219,170.311767578125 479.2553405761719
38.19435501098633 486.8268127441406,348.260009765625 152.16563415527344
188.38809204101562 567.0033569335938,70.22132873535156 500.23236083984375
201.24169921875 400.8480529785156,167.43939208984375 618.9273681640625
18.841808319091797 360.7420654296875,61.83052062988281 109.89446258544922
438.2489929199219 417.4949035644531,152.72727966308594 629.6329345703125
324.784912109375 259.5633850097656,244.5110321044922 609.4857177734375
289.0642395019531 499.74945068359375,155.02438354492188 772.3479614257812
30.54181671142578 420.6914978027344,22.639307022094727 49.796470642089844
428.1717224121094 413.47271728515625,118.35819244384766 37.19636535644531
438.5875244140625 472.3280944824219,110.60320281982422 630.2172241210938
450.6042785644531 444.0554504394531,23.426856994628906 268.60882568359375
335.4207458496094 390.4974365234375,102.67862701416016 626.1009521484375
19.85239601135254 374.4197998046875,507.3748474121094 146.07440185546875
376.8703918457031 277.904052734375,450.0528259277344 509.70263671875
399.7308044433594 293.4743957519531,243.02664184570312 605.510009765625
40.40489196777344 411.5144958496094,533.3169555664062 564.8442993164062
361.28106689453125 422.0017395019531,179.36228942871094 462.82403564453125
38.113765716552734 481.806884765625,305.97601318359375 572.5465087890625
171.06573486328125 404.3554382324219,361.9476013183594 124.1009750366211
454.56317138671875 370.61480712890625,317.1535949707031 568.04052734375
328.32958984375 522.8922729492188,274.0441589355469 514.26416015625
348.1654052734375 307.14666748046875,166.07032775878906 441.0818786621094
42.26613998413086 489.8306884765625,316.5528564453125 143.323974609375
554.4226684570312 437.35723876953125,322.8020935058594 782.0988159179688
121.07733917236328 804.4301147460938,27.46352767944336 322.0002136230469
406.9230041503906 280.56494140625,39.85527038574219 37.04372787475586
231.6036376953125 566.9270629882812,70.0483627319336 623.1539916992188
412.70025634765625 328.40814208984375,234.94427490234375 562.1973266601562
338.66937255859375 355.9149475097656,305.8238830566406 577.1079711914062
560.724365234375 484.9090270996094,156.69732666015625 774.798583984375
273.8731689453125 528.0884399414062,265.66162109375 590.8911743164062
328.3082580566406 249.97854614257812,350.8543395996094 596.8419189453125
409.5796203613281 307.1101379394531,354.4156799316406 521.683349609375
379.3193359375 443.1116027832031,173.1962890625 619.5921630859375
254.04049682617188 806.3270263671875,89.53076934814453 146.19923400878906
406.9230041503906 280.56494140625,39.85527038574219 37.04372787475586
97.32373809814453 772.356201171875,98.0784912109375 7.404684543609619
293.2550048828125 332.9429626464844,240.8575439453125 550.8632202148438
50.969600677490234 772.9961547851562,254.44390869140625 531.4730224609375
422.2662048339844 289.4372253417969,33.6906852722168 392.2522888183594
296.7043762207031 251.48728942871094,74.2334976196289 472.2989501953125
263.92535400390625 807.4556274414062,392.3161315917969 757.6844482421875
328.32958984375 522.8922729492188,274.0441589355469 514.26416015625
322.89862060546875 264.0216979980469,240.56619262695312 607.4017944335938
69.31050109863281 800.37744140625,466.5955505371094 513.005859375
50.969600677490234 772.9961547851562,26.861509323120117 133.1716766357422
178.36483764648438 423.3187255859375,245.1767120361328 342.5931396484375
7.277785778045654 395.5498046875,43.53571701049805 21.443971633911133
396.0513916015625 251.51185607910156,233.7934112548828 611.7606201171875
348.34735107421875 196.39601135253906,406.1322326660156 515.5342407226562
328.1080322265625 270.09820556640625,262.0269775390625 542.634033203125
432.8568420410156 373.4074401855469,200.1312713623047 769.0776977539062
554.4226684570312 437.35723876953125,322.8020935058594 782.0988159179688
66.51110076904297 797.1683349609375,98.0784912109375 7.404684543609619
208.57644653320312 507.9522399902344,86.28157806396484 457.8084411621094
230.860595703125 506.5804748535156,61.6518669128418 351.25689697265625
346.4905700683594 414.70892333984375,514.0866088867188 482.0044860839844
351.10064697265625 292.3897399902344,269.6065673828125 561.47802734375
401.931884765625 258.1213684082031,234.94427490234375 562.1973266601562
119.87541198730469 808.3414306640625,602.541748046875 551.1874389648438
374.1324157714844 403.6885681152344,348.36077880859375 157.8851776123047
389.1086730957031 263.5110168457031,268.47900390625 515.6213989257812
351.373779296875 526.028076171875,71.61551666259766 579.1341552734375
350.715087890625 473.0423889160156,115.1796875 114.40849304199219
24.85112190246582 410.9542236328125,61.83052062988281 109.89446258544922
347.2528381347656 454.00250244140625,105.71673583984375 384.81097412109375
72.16638946533203 440.8635559082031,519.3968505859375 568.1626586914062
402.2144775390625 249.73426818847656,274.09124755859375 608.0977783203125
450.7435607910156 574.2926635742188,43.53571701049805 21.443971633911133
427.9958801269531 263.2436218261719,461.2597351074219 514.1685180664062
427.92108154296875 310.3353271484375,231.43019104003906 623.1402587890625
259.570068359375 526.583984375,71.69998931884766 491.9068908691406
217.98915100097656 488.1363525390625,397.1311950683594 541.3262329101562
325.49981689453125 294.7204895019531,350.8543395996094 596.8419189453125
434.1194763183594 482.2066650390625,135.17555236816406 535.9016723632812
432.12744140625 299.7279968261719,268.47900390625 515.6213989257812
237.79676818847656 441.6957092285156,104.10336303710938 150.3466033935547
325.49981689453125 294.7204895019531,350.8543395996094 596.8419189453125
52.087120056152344 419.6549987792969,451.4632568359375 475.2549743652344
261.22613525390625 809.7881469726562,389.4408874511719 765.7860107421875
428.25762939453125 261.3395080566406,35.5362663269043 31.69086456298828
108.78787231445312 319.3944091796875,348.36077880859375 157.8851776123047
289.1069030761719 317.6104431152344,190.92672729492188 484.8944396972656
577.4238891601562 473.4749755859375,70.26573181152344 475.6002502441406
36.40909957885742 498.6752624511719,72.97540283203125 90.1557388305664
91.60697174072266 790.7705688476562,326.42779541015625 110.0830307006836
369.16705322265625 434.2293395996094,313.5666198730469 783.0807495117188
78.3060302734375 769.8193969726562,241.01754760742188 733.4373779296875
394.7248840332031 330.3783874511719,218.86802673339844 515.5221557617188
575.7139892578125 446.2844543457031,96.49526977539062 530.8532104492188
347.0962219238281 445.5168151855469,173.1962890625 619.5921630859375
171.15847778320312 433.7730712890625,348.36077880859375 157.8851776123047
374.7004699707031 328.89862060546875,244.17132568359375 612.8502807617188
439.9698791503906 371.1125793457031,444.6737365722656 413.7361755371094
409.7494812011719 488.9679260253906,328.5335388183594 444.4779357910156
358.9246826171875 333.97845458984375,217.4229278564453 575.6200561523438
168.74163818359375 378.9610595703125,23.426856994628906 268.60882568359375
377.25396728515625 521.618896484375,68.99826049804688 581.1858520507812
387.8638000488281 443.3033752441406,70.0483627319336 623.1539916992188
233.0281524658203 517.7175903320312,603.0491943359375 668.9134521484375
218.39910888671875 389.4244079589844,154.82569885253906 598.798095703125
77.59191131591797 792.311767578125,198.10191345214844 481.63995361328125
281.5367431640625 260.0779724121094,268.47900390625 515.6213989257812
61.099937438964844 802.1123046875,492.3101806640625 564.412353515625
394.7248840332031 330.3783874511719,218.86802673339844 515.5221557617188
204.07630920410156 392.86895751953125,355.50872802734375 155.0172882080078
314.2898254394531 103.62902069091797,348.36077880859375 157.8851776123047
328.3082580566406 249.97854614257812,275.62969970703125 556.6682739257812
191.40480041503906 433.466552734375,119.85888671875 138.10589599609375
259.877197265625 791.080078125,389.4408874511719 765.7860107421875
431.4198303222656 268.501953125,273.005859375 546.0771484375
441.3460998535156 421.9435729980469,385.84515380859375 749.6625366210938
446.7610778808594 410.1111755371094,181.4921875 147.52590942382812
180.736083984375 359.9498596191406,368.19903564453125 561.2044677734375
450.2789306640625 774.5418701171875,401.52911376953125 149.1040496826172
60.108638763427734 441.6091003417969,540.5929565429688 509.69134521484375
577.4238891601562 473.4749755859375,21.738479614257812 37.41499710083008
270.9226379394531 303.3265075683594,438.99078369140625 401.5733642578125
229.99169921875 460.1223449707031,127.50404357910156 496.6566162109375
81.94326782226562 803.851806640625,94.29004669189453 92.40541076660156
211.15478515625 527.9299926757812,119.63877868652344 596.2047729492188
253.22584533691406 397.4304504394531,165.970947265625 499.50762939453125
433.29791259765625 450.45245361328125,424.8280944824219 154.6449737548828
184.69271850585938 464.0929870605469,121.0939712524414 442.19390869140625
362.5365295410156 331.577392578125,266.1333312988281 578.8040161132812
423.4102478027344 257.7558288574219,244.63919067382812 623.5161743164062
436.70501708984375 328.0692443847656,261.5030212402344 549.3428955078125
451.42498779296875 493.6727600097656,602.541748046875 551.1874389648438
417.19244384765625 196.13914489746094,205.6780242919922 399.6021423339844
467.7533874511719 354.65679931640625,301.72369384765625 779.3990478515625
280.0893859863281 299.5874938964844,368.6373291015625 531.9503173828125
211.15478515625 527.9299926757812,240.8575439453125 550.8632202148438
397.3786315917969 328.3291931152344,262.0269775390625 542.634033203125
88.16249084472656 794.96875,602.541748046875 551.1874389648438
384.9658508300781 461.1571350097656,311.5575866699219 129.8998565673828
387.2528381347656 280.892822265625,450.0528259277344 509.70263671875
449.61279296875 570.88037109375,428.3012390136719 159.154052734375
81.80072021484375 792.8327026367188,197.3473663330078 501.56573486328125
64.11503601074219 407.12750244140625,486.7796325683594 553.1090698242188
111.00371551513672 786.5164184570312,283.55950927734375 434.4763488769531
276.98699951171875 525.182373046875,220.06072998046875 573.6419067382812
111.00371551513672 786.5164184570312,197.9610137939453 635.1942749023438
212.0415802001953 447.20458984375,151.66326904296875 638.0996704101562
256.9840087890625 403.4849853515625,355.50872802734375 155.0172882080078
452.6498718261719 776.1590576171875,465.2711181640625 123.44474029541016
265.5589294433594 791.5450439453125,35.5113525390625 364.6081848144531
408.0456848144531 196.20831298828125,540.5929565429688 509.69134521484375
195.76739501953125 465.7218933105469,43.26518249511719 414.1407165527344
421.0992126464844 395.1608581542969,417.40301513671875 144.41964721679688
237.7073974609375 420.21221923828125,153.42279052734375 484.5953369140625
165.53292846679688 362.4810791015625,602.541748046875 551.1874389648438
410.0404357910156 333.88323974609375,42.20357131958008 69.92416381835938
441.3460998535156 421.9435729980469,352.0971984863281 148.44454956054688
366.0151062011719 444.0039978027344,173.1962890625 619.5921630859375
240.4639129638672 528.2175903320312,22.300687789916992 54.059688568115234
396.3407287597656 276.4613342285156,254.58474731445312 553.8435668945312
417.13995361328125 399.8307189941406,73.29661560058594 305.7069091796875
441.5811462402344 481.9234619140625,115.95345306396484 599.6866455078125
386.6037902832031 463.4522399902344,539.6605224609375 153.38819885253906
369.910888671875 398.04461669921875,176.2344512939453 620.0136108398438
604.29150390625 490.25347900390625,157.27427673339844 333.7567443847656
374.34930419921875 332.621826171875,434.8410949707031 418.1225280761719
402.5314636230469 198.32595825195312,406.1322326660156 515.5342407226562
371.8179016113281 330.337890625,222.0772705078125 624.1641845703125
213.56723022460938 398.9493103027344,216.94088745117188 521.6236572265625
279.3101806640625 527.6604614257812,218.86802673339844 515.5221557617188
278.43701171875 296.3245849609375,256.3999328613281 560.56103515625
409.7494812011719 488.9679260253906,89.9547348022461 368.4528503417969
399.7463684082031 329.7976379394531,36.32574462890625 64.2080307006836
378.6947937011719 525.2957763671875,218.06396484375 544.28857421875
49.746402740478516 781.0208129882812,496.9333801269531 549.3245239257812
374.34930419921875 332.621826171875,263.925537109375 612.2855224609375
279.9108581542969 423.8290100097656,464.2851867675781 364.47955322265625
319.8901672363281 487.7381286621094,435.64080810546875 159.3805389404297
450.2789306640625 774.5418701171875,401.52911376953125 149.1040496826172
330.46978759765625 416.7745361328125,110.60320281982422 630.2172241210938
49.746402740478516 781.0208129882812,496.9333801269531 549.3245239257812
451.6089782714844 356.82061767578125,36.52534866333008 423.86553955078125
218.39910888671875 389.4244079589844,291.1690368652344 809.9035034179688
350.5002136230469 414.82855224609375,170.311767578125 479.2553405761719
384.0678405761719 443.07470703125,435.64080810546875 159.3805389404297
374.8612060546875 481.5556640625,189.84518432617188 555.2353515625
218.56422424316406 440.2191162109375,134.9004669189453 402.6141052246094
251.3656005859375 799.3795166015625,40.33559799194336 357.1700134277344
184.69271850585938 464.0929870605469,121.0939712524414 442.19390869140625
283.7312316894531 254.46084594726562,213.54771423339844 596.7826538085938
351.373779296875 526.028076171875,378.4143981933594 598.3489990234375
545.9070434570312 451.9149475097656,377.3750915527344 525.5465087890625
382.1565246582031 472.3638610839844,96.33387756347656 590.9082641601562
169.3361053466797 454.0235595703125,342.5794677734375 336.9953918457031
332.5016784667969 276.972900390625,147.29981994628906 156.5601043701172
323.89031982421875 305.94525146484375,241.85145568847656 615.5006713867188
573.9293823242188 482.0843505859375,31.1475830078125 14.908035278320312
421.0992126464844 395.1608581542969,401.52911376953125 149.1040496826172
190.45704650878906 471.5270690917969,114.20065307617188 132.65884399414062
105.9170913696289 803.5540771484375,100.27635192871094 588.027099609375
14.090356826782227 289.04254150390625,287.82720947265625 784.447265625
252.68980407714844 393.7227478027344,43.26518249511719 414.1407165527344
256.0857238769531 809.5469360351562,35.5113525390625 364.6081848144531
99.01277923583984 803.4661865234375,53.56450271606445 261.6451416015625
451.42498779296875 493.6727600097656,189.84518432617188 555.2353515625
258.955322265625 406.619140625,228.1197509765625 516.3952026367188
58.12845993041992 410.41082763671875,214.78302001953125 394.4139099121094
83.9464111328125 398.8956298828125,519.58837890625 511.7978515625
229.74864196777344 501.9437255859375,99.62586975097656 593.1349487304688
382.725341796875 459.10986328125,91.2520523071289 43.80891036987305
430.0020751953125 500.5018310546875,244.31842041015625 423.593017578125
332.97454833984375 379.98651123046875,104.12446594238281 451.8987731933594
107.39503479003906 774.068603515625,267.832275390625 736.9730224609375
206.1435089111328 639.0455322265625,246.84255981445312 332.2726745605469
126.3982162475586 773.268798828125,229.7713623046875 411.0121154785156
278.43701171875 296.3245849609375,256.3999328613281 560.56103515625
81.94326782226562 803.851806640625,146.25416564941406 537.8109741210938
422.525390625 196.09747314453125,406.1322326660156 515.5342407226562
334.25244140625 332.4283447265625,215.55075073242188 619.6668701171875
55.65180969238281 414.3338928222656,446.5814514160156 577.5324096679688
402.5314636230469 198.32595825195312,406.1322326660156 515.5342407226562
191.7300567626953 563.8604125976562,215.55075073242188 619.6668701171875
579.5801391601562 466.537109375,437.30792236328125 601.5653076171875
278.0386962890625 541.3533935546875,219.37171936035156 360.9307556152344
45.0308837890625 425.4990539550781,507.8343200683594 568.0567626953125
579.5801391601562 466.537109375,350.8543395996094 596.8419189453125
205.5504913330078 527.662353515625,127.55097961425781 364.8052978515625
113.73965454101562 801.38427734375,45.37907409667969 424.1301574707031
344.9208984375 523.3516235351562,260.98370361328125 561.2291259765625
218.56422424316406 440.2191162109375,134.9004669189453 402.6141052246094
337.6298828125 454.0205383300781,440.1477966308594 135.23324584960938
318.020263671875 329.2241516113281,246.913330078125 569.4515380859375
455.87908935546875 195.7523651123047,48.77387619018555 483.29541015625
64.11503601074219 407.12750244140625,429.2735900878906 504.7131652832031
401.5033874511719 308.32757568359375,234.8128204345703 538.0977172851562
293.35980224609375 528.639404296875,127.55097961425781 364.8052978515625
401.5033874511719 308.32757568359375,95.79496765136719 416.6644287109375
329.51617431640625 464.8420104980469,83.8550033569336 20.17409896850586
239.36044311523438 507.8481140136719,287.82720947265625 784.447265625
211.15478515625 527.9299926757812,23.6364688873291 75.19058990478516
43.2669563293457 407.97125244140625,523.5073852539062 507.6160583496094
355.8739929199219 419.9619445800781,444.6737365722656 413.7361755371094
587.2560424804688 478.9309387207031,399.5644836425781 460.44866943359375
171.66746520996094 396.279052734375,424.8280944824219 154.6449737548828
377.25396728515625 521.618896484375,127.55097961425781 364.8052978515625
92.57855987548828 772.2056274414062,462.5257568359375 509.55047607421875
208.93563842773438 426.4132995605469,386.44842529296875 140.59573364257812
338.0820007324219 417.0790100097656,157.8803253173828 577.613037109375
171.55401611328125 375.90704345703125,162.15162658691406 548.3187255859375
391.31732177734375 295.385986328125,222.0772705078125 624.1641845703125
177.60333251953125 485.66632080078125,45.057430267333984 52.64551544189453
77.2508773803711 800.7348022460938,456.0472106933594 515.1734008789062
257.3460693359375 528.9132690429688,43.26518249511719 414.1407165527344
330.8258056640625 406.3416442871094,468.42828369140625 142.55215454101562
58.69766616821289 445.4151916503906,485.9543151855469 539.6141357421875
337.2272033691406 460.72314453125,105.88455963134766 153.10321044921875
172.2520294189453 442.4989013671875,134.9004669189453 402.6141052246094
305.0597839355469 493.6125793457031,127.55097961425781 364.8052978515625
333.4638366699219 484.2147521972656,86.48397827148438 476.4524841308594
450.03619384765625 379.17059326171875,158.9181365966797 439.007080078125
587.3416137695312 447.1272277832031,326.42779541015625 110.0830307006836
214.19593811035156 508.4537658691406,71.22344970703125 583.8406372070312
65.44216918945312 438.4083557128906,396.279052734375 482.1647644042969
249.32992553710938 384.90545654296875,167.43939208984375 618.9273681640625
276.1734619140625 254.9638214111328,132.2748565673828 363.90240478515625
532.2548828125 464.2833251953125,124.9657974243164 548.06396484375
399.7308044433594 293.4743957519531,241.85145568847656 615.5006713867188
382.5491027832031 474.9101867675781,388.77703857421875 120.04224395751953
289.2436828613281 335.9790344238281,88.08340454101562 440.6147155761719
387.295654296875 500.5435791015625,140.29293823242188 404.3533935546875
293.2550048828125 332.9429626464844,240.8575439453125 550.8632202148438
44.06349182128906 493.5387268066406,399.24530029296875 478.5124816894531
411.90850830078125 486.5683898925781,69.4615478515625 267.45343017578125
433.1739196777344 265.05712890625,354.4156799316406 521.683349609375
257.3460693359375 528.9132690429688,43.26518249511719 414.1407165527344
84.0174560546875 776.0934448242188,523.1384887695312 595.0646362304688
399.458984375 253.96788024902344,253.12124633789062 621.8381958007812
235.05860900878906 384.41522216796875,158.54403686523438 623.236328125
321.9414367675781 257.64892578125,166.79403686523438 553.1771240234375
311.2729797363281 460.9848327636719,98.46332550048828 512.1076049804688
355.6559143066406 490.4809265136719,437.5641174316406 425.1383056640625
347.2528381347656 454.00250244140625,165.27955627441406 454.12225341796875
387.43133544921875 197.11830139160156,394.04833984375 498.42852783203125
316.99700927734375 464.4247131347656,233.37173461914062 341.69732666015625
253.56520080566406 426.6966857910156,43.26518249511719 414.1407165527344
342.8050537109375 481.3152770996094,200.1312713623047 769.0776977539062
240.4639129638672 528.2175903320312,71.61551666259766 579.1341552734375
42.730873107910156 416.96319580078125,441.58203125 488.03045654296875
180.34906005859375 497.8948059082031,241.85145568847656 615.5006713867188
63.546451568603516 792.9572143554688,275.2856140136719 760.9369506835938
282.8481140136719 502.7323303222656,92.91458129882812 511.261474609375
353.69451904296875 421.68304443359375,74.2334976196289 472.2989501953125
281.8367004394531 451.19622802734375,125.16671752929688 585.8563232421875
577.965087890625 469.66534423828125,41.99850082397461 73.7768325805664
340.1934509277344 475.4220275878906,170.311767578125 479.2553405761719
371.49945068359375 336.608154296875,462.58526611328125 465.3114318847656
253.56520080566406 426.6966857910156,190.46388244628906 451.68939208984375
446.31280517578125 360.3022155761719,25.06146240234375 412.674560546875
251.06805419921875 450.2691650390625,88.10508728027344 65.71544647216797
52.3493766784668 800.8699340820312,444.9102478027344 485.0049133300781
187.3893280029297 455.1097717285156,127.65482330322266 444.4668273925781
204.55047607421875 408.6248474121094,162.72604370117188 460.4680480957031
386.0115661621094 457.8948059082031,498.63702392578125 146.48806762695312
588.3458862304688 460.267333984375,400.24652099609375 758.6842651367188
214.19593811035156 508.4537658691406,71.22344970703125 583.8406372070312
386.0115661621094 457.8948059082031,498.63702392578125 146.48806762695312
298.0514221191406 797.38330078125,180.32496643066406 479.2811279296875
439.73028564453125 478.8679504394531,45.69443893432617 32.31157302856445
347.447265625 420.90069580078125,332.4733581542969 436.1343688964844
384.9658508300781 461.1571350097656,409.518310546875 146.40296936035156
348.6767272949219 479.91033935546875,71.69998931884766 491.9068908691406
377.16339111328125 480.48870849609375,117.77651977539062 417.9078063964844
38.3336181640625 409.4595031738281,532.8099975585938 549.0551147460938
276.23687744140625 258.74798583984375,84.49755096435547 430.1136169433594
61.099937438964844 802.1123046875,466.5955505371094 513.005859375
119.9779281616211 800.4862060546875,194.13714599609375 582.986572265625
266.3380126953125 809.7079467773438,95.91765594482422 337.0604248046875
191.5821533203125 475.6239929199219,111.15629577636719 441.35809326171875
190.9836883544922 430.91802978515625,198.34356689453125 461.64373779296875
396.0513916015625 251.51185607910156,275.6546630859375 543.298828125
201.16929626464844 444.6322326660156,360.4933776855469 153.8004913330078
43.2669563293457 407.97125244140625,192.01348876953125 421.2344055175781
306.2603759765625 296.42681884765625,266.64239501953125 585.2623901367188
218.12637329101562 404.3391418457031,353.4945983886719 123.92194366455078
281.5367431640625 260.0779724121094,268.47900390625 515.6213989257812
417.6247253417969 487.1688232421875,71.69998931884766 491.9068908691406
384.1394348144531 446.30731201171875,134.9004669189453 402.6141052246094
58.79542922973633 454.37884521484375,508.97088623046875 605.112548828125
336.78350830078125 474.03759765625,336.569580078125 651.2376708984375
39.852684020996094 503.0107727050781,471.3896484375 134.21116638183594
353.8595275878906 486.71075439453125,368.6373291015625 531.9503173828125
271.7503662109375 407.8325500488281,132.24755859375 155.84457397460938
84.4512939453125 798.6700439453125,445.4061584472656 442.50518798828125
249.47821044921875 440.32696533203125,174.54598999023438 383.17694091796875
464.16033935546875 359.4966735839844,179.36228942871094 462.82403564453125
334.16448974609375 455.0509948730469,126.90328216552734 632.117919921875
237.79676818847656 441.6957092285156,229.7713623046875 411.0121154785156
172.2279510498047 472.8620910644531,329.39495849609375 113.3852767944336
428.25762939453125 261.3395080566406,215.03509521484375 604.9707641601562
171.55401611328125 375.90704345703125,90.2430648803711 503.10357666015625
293.2550048828125 332.9429626464844,243.87603759765625 591.4895629882812
400.3529357910156 326.1546630859375,183.50852966308594 450.41510009765625
432.1113586425781 196.8358917236328,118.02256774902344 575.2843627929688
247.48150634765625 395.6572265625,482.8130798339844 147.84121704101562
177.4079132080078 491.64337158203125,35.273170471191406 322.05560302734375
251.06805419921875 450.2691650390625,88.10508728027344 65.71544647216797
195.8434600830078 468.660400390625,107.63151550292969 441.1995544433594
317.42034912109375 526.839599609375,215.55075073242188 619.6668701171875
383.070556640625 465.3005676269531,180.32496643066406 479.2811279296875
246.9828643798828 525.425537109375,275.2856140136719 760.9369506835938
383.070556640625 465.3005676269531,125.16671752929688 585.8563232421875
491.46527099609375 503.8539123535156,76.16104888916016 256.8552551269531
430.0020751953125 500.5018310546875,413.035888671875 146.0067596435547
298.0514221191406 797.38330078125,397.93133544921875 468.25775146484375
41.522926330566406 796.09619140625,103.12371826171875 588.2432861328125
264.1251525878906 404.1975402832031,111.61983489990234 374.8670654296875
40.633548736572266 426.6700744628906,116.06229400634766 54.54403305053711
405.51422119140625 305.1655578613281,78.7625732421875 138.02767944335938
95.33494567871094 785.9142456054688,116.06229400634766 54.54403305053711
366.0151062011719 444.0039978027344,173.1962890625 619.5921630859375
171.37034606933594 496.5816345214844,533.3052978515625 140.166748046875
447.0426940917969 573.355712890625,101.84228515625 474.29095458984375
289.5389099121094 336.3454895019531,261.5030212402344 549.3428955078125
408.1025695800781 360.4583435058594,197.59571838378906 615.0367431640625
249.47821044921875 440.32696533203125,244.17132568359375 612.8502807617188
359.9834289550781 197.39630126953125,495.98895263671875 534.785400390625
117.59904479980469 805.8042602539062,173.1962890625 619.5921630859375
117.0226058959961 798.4513549804688,79.08094024658203 27.46847915649414
252.68980407714844 393.7227478027344,59.38468933105469 278.8500061035156
273.0607604980469 498.78753662109375,539.6605224609375 153.38819885253906
277.9468688964844 302.8113708496094,218.86802673339844 515.5221557617188
411.90850830078125 486.5683898925781,69.4615478515625 267.45343017578125
197.66671752929688 422.5867614746094,58.45582962036133 310.7685241699219
189.34552001953125 405.16778564453125,168.78514099121094 453.2071533203125
257.3000793457031 524.54443359375,19.313541412353516 31.954660415649414
407.42138671875 334.1515808105469,492.5185546875 611.5114135742188
175.91416931152344 459.3600158691406,514.0866088867188 482.0044860839844
41.113067626953125 796.892333984375,364.11456298828125 597.53173828125
184.08782958984375 694.4287719726562,244.31842041015625 423.593017578125
229.78782653808594 444.7919006347656,130.32264709472656 453.7015380859375
236.44293212890625 505.8346252441406,262.52691650390625 620.4116821289062
231.4823760986328 449.6786804199219,116.06229400634766 54.54403305053711
233.6408233642578 456.2918395996094,421.07537841796875 480.9866027832031
590.389404296875 462.80816650390625,151.66326904296875 638.0996704101562
228.0574951171875 451.11676025390625,451.42633056640625 573.557373046875
350.8887023925781 482.8320007324219,130.32264709472656 453.7015380859375
338.0820007324219 417.0790100097656,149.9548797607422 457.21649169921875
431.5292053222656 477.00244140625,392.3161315917969 757.6844482421875
74.31668853759766 796.1077270507812,245.72669982910156 758.2527465820312
272.4727783203125 439.9247741699219,69.92571258544922 358.8842468261719
70.05877685546875 792.5090942382812,154.8475799560547 558.8449096679688
270.61395263671875 410.8502502441406,539.6487426757812 146.41734313964844
362.6335144042969 416.36370849609375,169.7952423095703 467.9121398925781
316.99700927734375 464.4247131347656,233.37173461914062 341.69732666015625
246.64349365234375 802.8692016601562,511.2684631347656 550.5485229492188
388.94818115234375 475.4273681640625,458.2566833496094 437.2320556640625
219.15354919433594 360.17083740234375,143.94740295410156 432.7626953125
540.431396484375 448.6570129394531,371.4350891113281 154.8152618408203
567.3916625976562 475.1285400390625,204.60450744628906 415.130126953125
58.79542922973633 454.37884521484375,562.5640258789062 564.5161743164062
244.35047912597656 453.1767883300781,172.13546752929688 424.0680236816406
360.4526672363281 197.39122009277344,268.0320739746094 519.0907592773438
387.43133544921875 197.11830139160156,214.78302001953125 394.4139099121094
417.6247253417969 487.1688232421875,207.33482360839844 793.8275756835938
401.96124267578125 290.26031494140625,245.5391387939453 617.54248046875
9.264945030212402 478.455322265625,274.09124755859375 608.0977783203125
392.1660461425781 290.55810546875,163.5525360107422 519.2552490234375
83.42372131347656 811.1583251953125,519.3968505859375 568.1626586914062
187.48143005371094 457.7193908691406,118.37760162353516 446.82806396484375
102.51664733886719 795.4461059570312,59.64107894897461 347.3158874511719
58.65952682495117 417.4160461425781,129.18695068359375 590.2150268554688
87.284912109375 810.2437133789062,61.6518669128418 351.25689697265625
362.4205017089844 412.0518493652344,166.07032775878906 441.0818786621094
109.65377044677734 802.10302734375,207.33482360839844 793.8275756835938
378.6947937011719 525.2957763671875,71.61551666259766 579.1341552734375
209.00057983398438 437.8589172363281,431.78997802734375 152.2940216064453
186.8035888671875 475.9888000488281,238.1652069091797 618.8635864257812
341.595458984375 384.4625549316406,131.42568969726562 561.5809936523438
232.89657592773438 452.9408874511719,37.788326263427734 339.9158935546875
93.16138458251953 795.3612060546875,63.34756088256836 415.8810119628906
421.3458251953125 479.88348388671875,262.52691650390625 620.4116821289062
427.92108154296875 310.3353271484375,184.9628448486328 633.917724609375
229.2312774658203 456.9109191894531,438.548828125 472.6915588378906
191.12306213378906 464.6406555175781,90.2430648803711 503.10357666015625
276.2483825683594 271.5320129394531,196.79115295410156 361.2032470703125
42.730873107910156 416.96319580078125,190.47547912597656 416.9891052246094
256.6530456542969 454.8248596191406,175.16061401367188 778.3840942382812
111.48042297363281 812.0927124023438,180.17782592773438 580.951171875
56.00760269165039 778.32568359375,202.5716552734375 404.284912109375
41.522926330566406 796.09619140625,197.6192169189453 401.7052307128906
216.49241638183594 396.1150207519531,33.481346130371094 283.2165832519531
367.1634521484375 390.8334045410156,236.9662322998047 812.3483276367188
432.1113586425781 196.8358917236328,537.6046142578125 549.2423706054688
187.48143005371094 457.7193908691406,118.37760162353516 446.82806396484375
221.87591552734375 456.5822448730469,67.22626495361328 434.7228698730469
328.2914733886719 529.3880615234375,537.042236328125 138.42100524902344
279.49322509765625 253.85885620117188,112.37557983398438 356.9866027832031
328.2646484375 253.9962921142578,434.34185791015625 601.5213623046875
363.67608642578125 260.4090881347656,218.86802673339844 515.5221557617188
114.3568115234375 444.8358459472656,160.99925231933594 792.3314208984375
41.113067626953125 796.892333984375,464.2851867675781 364.47955322265625
77.03923034667969 788.2607421875,236.2137451171875 344.50152587890625
310.9690856933594 295.4921875,222.0772705078125 624.1641845703125
231.4823760986328 449.6786804199219,14.648248672485352 143.71115112304688
238.57028198242188 449.4015808105469,100.27635192871094 588.027099609375
563.3111572265625 461.8385009765625,188.5948944091797 446.95086669921875
204.55047607421875 408.6248474121094,287.82720947265625 784.447265625
385.7212219238281 296.03631591796875,230.84365844726562 400.4158935546875
328.2646484375 253.9962921142578,426.16650390625 600.9600830078125
229.2312774658203 456.9109191894531,185.38731384277344 434.9229736328125
385.4468078613281 524.2012329101562,50.44074630737305 130.3399200439453
347.447265625 420.90069580078125,244.31842041015625 423.593017578125
109.65377044677734 802.10302734375,96.49526977539062 530.8532104492188
401.96124267578125 290.26031494140625,166.79403686523438 553.1771240234375
321.9414367675781 257.64892578125,163.5525360107422 519.2552490234375
280.0893859863281 299.5874938964844,127.50404357910156 496.6566162109375
399.7718811035156 304.9974365234375,237.51759338378906 590.338134765625
389.0560302734375 287.4540710449219,176.1327667236328 578.4603881835938
38.3336181640625 409.4595031738281,329.39495849609375 113.3852767944336
329.9043884277344 411.74664306640625,173.11749267578125 579.5415649414062
119.9779281616211 800.4862060546875,173.1962890625 619.5921630859375
72.72503662109375 775.4639892578125,245.5391387939453 617.54248046875
395.63922119140625 325.5688781738281,100.08526611328125 425.9436340332031
405.7564697265625 501.5603332519531,207.33482360839844 793.8275756835938
363.8410339355469 496.5682067871094,104.07908630371094 439.3962097167969
381.765380859375 477.29547119140625,184.7307586669922 446.7035217285156
328.0002746582031 386.4134826660156,435.6028747558594 141.10398864746094
347.51611328125 402.5411376953125,540.5929565429688 509.69134521484375
44.75371170043945 797.8429565429688,127.50404357910156 496.6566162109375
209.00057983398438 437.8589172363281,101.33990478515625 21.472030639648438
268.5696716308594 417.22369384765625,77.1228256225586 392.28271484375
233.2023162841797 445.5275573730469,243.150146484375 522.8541259765625
291.8396911621094 330.4349670410156,243.40768432617188 620.4669799804688
540.431396484375 448.6570129394531,250.0980987548828 766.2315673828125
405.7564697265625 501.5603332519531,420.4687805175781 487.58251953125
451.6089782714844 356.82061767578125,368.19903564453125 561.2044677734375
347.51611328125 402.5411376953125,445.3445129394531 447.6446533203125
36.797420501708984 525.2319946289062,95.08674621582031 84.59907531738281
260.7811584472656 395.86798095703125,168.78514099121094 453.2071533203125
90.61549377441406 409.6801452636719,221.4827423095703 422.4745788574219
296.0563049316406 334.7427062988281,144.43943786621094 556.2339477539062
405.0119934082031 285.3074645996094,27.079912185668945 41.03252410888672
388.5906066894531 290.3924255371094,351.4099426269531 537.3473510742188
271.3801574707031 495.9134826660156,122.32038879394531 479.8046875
177.88450622558594 436.608642578125,174.04290771484375 434.83892822265625
246.8988037109375 803.35498046875,308.33465576171875 809.2340087890625
178.30616760253906 496.2206115722656,254.73904418945312 769.4703979492188
256.25787353515625 398.99212646484375,180.32496643066406 479.2811279296875
347.51611328125 402.5411376953125,153.42279052734375 484.5953369140625
328.2646484375 253.9962921142578,29.170230865478516 59.25639724731445
60.90272521972656 445.591064453125,36.057621002197266 69.76238250732422
246.8988037109375 803.35498046875,429.18450927734375 474.5304260253906
256.04742431640625 443.32232666015625,236.1523895263672 522.791015625
215.56301879882812 440.26007080078125,225.67881774902344 423.38690185546875
179.65509033203125 495.4786071777344,428.7406311035156 145.79135131835938
70.05877685546875 792.5090942382812,261.5030212402344 549.3428955078125
265.2052307128906 556.129150390625,243.02664184570312 605.510009765625
446.2711181640625 458.684814453125,309.59326171875 646.3134155273438
427.70831298828125 322.90594482421875,378.4143981933594 598.3489990234375
186.0896759033203 436.0890808105469,115.95345306396484 599.6866455078125
362.6335144042969 416.36370849609375,265.66162109375 590.8911743164062
335.3856201171875 494.0549621582031,435.6028747558594 141.10398864746094
331.7145690917969 255.05323791503906,245.92694091796875 563.1621704101562
282.9520263671875 297.2420959472656,94.65727233886719 483.9052429199219
579.1364135742188 526.9577026367188,496.563232421875 145.74903869628906
